{
 "cells": [
  {
   "cell_type": "code",
   "execution_count": 3,
   "id": "441884c9-1721-4a73-9bc1-0a5949a3f191",
   "metadata": {},
   "outputs": [],
   "source": [
    "import sys\n",
    "import os\n",
    "import time\n",
    "import numpy as np\n",
    "import pandas as pd\n",
    "\n",
    "import torchio as tio\n",
    "\n",
    "import matplotlib.pyplot as plt\n",
    "from ipywidgets import interact, IntSlider\n",
    "\n",
    "import torch\n",
    "import torch.nn as nn\n",
    "import torchvision.models as models\n",
    "from torchvision import transforms, utils\n",
    "import torch.optim as optim\n",
    "from torch.utils.data import Dataset, DataLoader, BatchSampler, Sampler\n",
    "\n",
    "sys.path.insert(0, '../../models/')\n",
    "sys.path.insert(0, '../../scripts/')\n",
    "sys.path.insert(0, '../../')\n",
    "\n",
    "from helpers import miscellaneous as misc\n",
    "from helpers import plotters\n",
    "from helpers import preprocessing\n",
    "CONFIG = misc.get_config()\n",
    "\n",
    "from ModelUtils import EncoderCNN\n",
    "from ModelUtils import CognitiveTestMLP\n",
    "from ModelUtils import FusionModel\n",
    "\n",
    "#get Loader.py\n",
    "from Loader import MRIDataset\n",
    "\n",
    "#get TrainUtils.py helpers\n",
    "from TrainUtils import train"
   ]
  },
  {
   "cell_type": "code",
   "execution_count": 2,
   "id": "ea79a6e4-dc87-41c3-8aa6-20e6cc929967",
   "metadata": {},
   "outputs": [
    {
     "name": "stdout",
     "output_type": "stream",
     "text": [
      "cuda\n"
     ]
    }
   ],
   "source": [
    "device = torch.device('cuda') if torch.cuda.is_available() else torch.device(\"cpu\")\n",
    "print(device)\n",
    "\n",
    "idx_to_label = {\n",
    "    'CN': 0,\n",
    "    'MCI': 1,\n",
    "    'AD': 2\n",
    "}"
   ]
  },
  {
   "cell_type": "code",
   "execution_count": 3,
   "id": "50dee4b9",
   "metadata": {
    "collapsed": false,
    "jupyter": {
     "outputs_hidden": false
    },
    "pycharm": {
     "name": "#%%\n"
    }
   },
   "outputs": [],
   "source": [
    "#transforms = None # equals no image pre-processing\n",
    "preprocessor = preprocessing.ADNIPreprocessing(CONFIG)\n",
    "#transforms = transforms.Compose([preprocessor.normalise()])\n",
    "\n",
    "# Initialize Image Transformation for model\n",
    "transforms = (\n",
    "    tio.CropOrPad((50, 50, 50)),\n",
    "    tio.RescaleIntensity(out_min_max=(-1, 1), in_min_max=(-1000, 1000))\n",
    ")\n",
    "transforms = tio.Compose(transforms)"
   ]
  },
  {
   "cell_type": "code",
   "execution_count": 4,
   "id": "c38ae616-6cc0-4c8b-a625-0851fc78ff1d",
   "metadata": {},
   "outputs": [
    {
     "name": "stdout",
     "output_type": "stream",
     "text": [
      "length dataset:  1699\n"
     ]
    }
   ],
   "source": [
    "# Set paths to results\n",
    "# Add this to config file\n",
    "metrics_path = CONFIG['METRICS_DIR']\n",
    "saved_models_path = CONFIG['SERIALIZED_MODELS']\n",
    "\n",
    "#get dataset \n",
    "#change parameters to match config file\n",
    "dataset = MRIDataset(\"../../\" + CONFIG['TRAIN_LABELS_DIR'], transform = transforms)\n",
    "\n",
    "#return dataloader with given parameters\n",
    "train_loader = DataLoader(\n",
    "    dataset = dataset,\n",
    "    batch_size = 64, \n",
    "    num_workers = 4, \n",
    "    shuffle = True,\n",
    "    pin_memory = True,\n",
    ")\n",
    "\n",
    "learning_rate = 0.01\n",
    "max_epochs = 1\n",
    "\n",
    "def weights_init(m):\n",
    "    if isinstance(m, nn.Conv2d) or isinstance(m, nn.Linear) or isinstance(m, nn.Conv3d):\n",
    "        torch.nn.init.xavier_uniform_(m.weight.data)\n",
    "\n",
    "# Initialize Model\n",
    "device = torch.device(\"cuda\" if torch.cuda.is_available() else \"cpu\")\n",
    "torch.cuda.empty_cache()\n",
    "model = EncoderCNN(3).to(device)\n",
    "model.apply(weights_init)\n",
    "optimizer = optim.Adam(model.parameters(), lr = learning_rate)\n",
    "print(\"length dataset: \", len(dataset))"
   ]
  },
  {
   "cell_type": "markdown",
   "id": "1f2a2971-af81-4453-9af8-e2e3555f6c3d",
   "metadata": {},
   "source": [
    "Process until it starts training is really long. So maybe another approach is better."
   ]
  },
  {
   "cell_type": "code",
   "execution_count": 5,
   "id": "ab4ca771-a023-4e62-9139-32418799f516",
   "metadata": {},
   "outputs": [
    {
     "name": "stdout",
     "output_type": "stream",
     "text": [
      "start epoch\n",
      "tensor([[0.4056, 0.2098, 0.3846],\n",
      "        [0.2117, 0.4670, 0.3212],\n",
      "        [0.2620, 0.0682, 0.6697],\n",
      "        [0.1376, 0.1209, 0.7415],\n",
      "        [0.1707, 0.4886, 0.3406],\n",
      "        [0.4268, 0.2581, 0.3152],\n",
      "        [0.2629, 0.2692, 0.4679],\n",
      "        [0.7818, 0.0556, 0.1625],\n",
      "        [0.4963, 0.0534, 0.4503],\n",
      "        [0.0656, 0.0250, 0.9095],\n",
      "        [0.5628, 0.2779, 0.1593],\n",
      "        [0.3048, 0.5302, 0.1650],\n",
      "        [0.0782, 0.6126, 0.3092],\n",
      "        [0.0823, 0.4390, 0.4787],\n",
      "        [0.2292, 0.2659, 0.5049],\n",
      "        [0.6338, 0.0225, 0.3438],\n",
      "        [0.2217, 0.4511, 0.3272],\n",
      "        [0.4621, 0.1354, 0.4026],\n",
      "        [0.5247, 0.3514, 0.1239],\n",
      "        [0.3665, 0.3495, 0.2840],\n",
      "        [0.0739, 0.5035, 0.4226],\n",
      "        [0.2697, 0.1994, 0.5309],\n",
      "        [0.4499, 0.0570, 0.4931],\n",
      "        [0.2960, 0.5480, 0.1560],\n",
      "        [0.1255, 0.1203, 0.7542],\n",
      "        [0.5975, 0.3464, 0.0561],\n",
      "        [0.2270, 0.3029, 0.4702],\n",
      "        [0.2789, 0.4637, 0.2573],\n",
      "        [0.1364, 0.6857, 0.1779],\n",
      "        [0.6806, 0.0796, 0.2398],\n",
      "        [0.1403, 0.5724, 0.2872],\n",
      "        [0.0925, 0.1450, 0.7625],\n",
      "        [0.1825, 0.2029, 0.6146],\n",
      "        [0.3046, 0.0592, 0.6363],\n",
      "        [0.1223, 0.3381, 0.5396],\n",
      "        [0.2298, 0.0601, 0.7101],\n",
      "        [0.3909, 0.4575, 0.1517],\n",
      "        [0.4279, 0.2846, 0.2876],\n",
      "        [0.0810, 0.7523, 0.1667],\n",
      "        [0.0559, 0.8609, 0.0832],\n",
      "        [0.2347, 0.5490, 0.2163],\n",
      "        [0.5137, 0.2772, 0.2091],\n",
      "        [0.1180, 0.2876, 0.5944],\n",
      "        [0.3726, 0.2542, 0.3732],\n",
      "        [0.5406, 0.4103, 0.0491],\n",
      "        [0.8349, 0.1512, 0.0139],\n",
      "        [0.7124, 0.2256, 0.0620],\n",
      "        [0.4900, 0.2466, 0.2634],\n",
      "        [0.0977, 0.8379, 0.0644],\n",
      "        [0.2343, 0.3519, 0.4138],\n",
      "        [0.1223, 0.7885, 0.0891],\n",
      "        [0.2174, 0.2288, 0.5538],\n",
      "        [0.2460, 0.6056, 0.1484],\n",
      "        [0.6579, 0.2153, 0.1268],\n",
      "        [0.0858, 0.5190, 0.3951],\n",
      "        [0.6729, 0.3114, 0.0157],\n",
      "        [0.1135, 0.5173, 0.3692],\n",
      "        [0.5017, 0.4170, 0.0813],\n",
      "        [0.3285, 0.1169, 0.5546],\n",
      "        [0.1705, 0.7350, 0.0945],\n",
      "        [0.1927, 0.5512, 0.2561],\n",
      "        [0.4416, 0.3673, 0.1911],\n",
      "        [0.4738, 0.0850, 0.4412],\n",
      "        [0.2865, 0.1771, 0.5364]], device='cuda:0', grad_fn=<SoftmaxBackward0>) tensor([2, 2, 1, 0, 0, 0, 1, 1, 1, 1, 1, 1, 1, 1, 1, 0, 1, 0, 1, 0, 1, 1, 1, 1,\n",
      "        2, 2, 1, 1, 0, 1, 0, 1, 1, 2, 0, 2, 1, 1, 0, 0, 2, 1, 1, 1, 0, 2, 1, 2,\n",
      "        1, 1, 0, 1, 1, 1, 1, 2, 0, 1, 1, 2, 1, 2, 1, 1], device='cuda:0')\n",
      "tensor([[0.3722, 0.2732, 0.3546],\n",
      "        [0.0896, 0.6812, 0.2292],\n",
      "        [0.1528, 0.0512, 0.7960],\n",
      "        [0.3652, 0.2277, 0.4071],\n",
      "        [0.1745, 0.5803, 0.2451],\n",
      "        [0.1909, 0.5475, 0.2615],\n",
      "        [0.0288, 0.9121, 0.0591],\n",
      "        [0.3616, 0.2582, 0.3802],\n",
      "        [0.8212, 0.0943, 0.0845],\n",
      "        [0.2015, 0.4857, 0.3129],\n",
      "        [0.3377, 0.5387, 0.1236],\n",
      "        [0.1731, 0.3423, 0.4846],\n",
      "        [0.1504, 0.3707, 0.4789],\n",
      "        [0.6717, 0.2548, 0.0735],\n",
      "        [0.6519, 0.2668, 0.0813],\n",
      "        [0.1088, 0.4598, 0.4314],\n",
      "        [0.8816, 0.0334, 0.0850],\n",
      "        [0.4040, 0.0091, 0.5869],\n",
      "        [0.1761, 0.0259, 0.7981],\n",
      "        [0.3927, 0.0508, 0.5564],\n",
      "        [0.0543, 0.8537, 0.0920],\n",
      "        [0.4682, 0.2171, 0.3147],\n",
      "        [0.3579, 0.5035, 0.1387],\n",
      "        [0.2521, 0.3479, 0.4000],\n",
      "        [0.0811, 0.5394, 0.3795],\n",
      "        [0.6432, 0.1256, 0.2312],\n",
      "        [0.2248, 0.1576, 0.6176],\n",
      "        [0.0132, 0.9510, 0.0358],\n",
      "        [0.8466, 0.0505, 0.1030],\n",
      "        [0.1191, 0.5409, 0.3400],\n",
      "        [0.2525, 0.3470, 0.4005],\n",
      "        [0.0808, 0.5970, 0.3222],\n",
      "        [0.3232, 0.4290, 0.2478],\n",
      "        [0.3381, 0.5518, 0.1101],\n",
      "        [0.6380, 0.2613, 0.1007],\n",
      "        [0.1969, 0.5901, 0.2129],\n",
      "        [0.0383, 0.7059, 0.2558],\n",
      "        [0.3272, 0.0203, 0.6525],\n",
      "        [0.5445, 0.0191, 0.4363],\n",
      "        [0.1675, 0.4129, 0.4196],\n",
      "        [0.0272, 0.9001, 0.0727],\n",
      "        [0.3130, 0.3828, 0.3042],\n",
      "        [0.3910, 0.5626, 0.0464],\n",
      "        [0.1443, 0.5105, 0.3452],\n",
      "        [0.3328, 0.1362, 0.5310],\n",
      "        [0.1322, 0.5248, 0.3430],\n",
      "        [0.2707, 0.4031, 0.3262],\n",
      "        [0.7078, 0.1928, 0.0994],\n",
      "        [0.6071, 0.0291, 0.3637],\n",
      "        [0.0373, 0.8829, 0.0798],\n",
      "        [0.2245, 0.3936, 0.3819],\n",
      "        [0.4223, 0.1034, 0.4743],\n",
      "        [0.2159, 0.4315, 0.3526],\n",
      "        [0.7103, 0.0864, 0.2032],\n",
      "        [0.2780, 0.4378, 0.2842],\n",
      "        [0.2394, 0.5319, 0.2287],\n",
      "        [0.0964, 0.6102, 0.2934],\n",
      "        [0.3490, 0.5095, 0.1415],\n",
      "        [0.9824, 0.0033, 0.0143],\n",
      "        [0.0289, 0.9040, 0.0671],\n",
      "        [0.2165, 0.7175, 0.0660],\n",
      "        [0.7461, 0.1025, 0.1514],\n",
      "        [0.1141, 0.0272, 0.8586],\n",
      "        [0.2580, 0.0395, 0.7025]], device='cuda:0', grad_fn=<SoftmaxBackward0>) tensor([1, 1, 0, 2, 1, 1, 2, 2, 2, 1, 1, 2, 2, 0, 1, 0, 1, 1, 1, 0, 0, 0, 1, 1,\n",
      "        1, 1, 0, 1, 1, 2, 0, 1, 0, 0, 2, 1, 2, 1, 1, 1, 2, 1, 1, 0, 2, 1, 1, 0,\n",
      "        2, 1, 0, 2, 0, 1, 0, 0, 1, 1, 1, 1, 2, 1, 2, 0], device='cuda:0')\n",
      "tensor([[0.1892, 0.3786, 0.4322],\n",
      "        [0.2012, 0.1259, 0.6729],\n",
      "        [0.2149, 0.2655, 0.5196],\n",
      "        [0.0484, 0.7906, 0.1610],\n",
      "        [0.1727, 0.5389, 0.2884],\n",
      "        [0.0558, 0.8422, 0.1021],\n",
      "        [0.1506, 0.6506, 0.1988],\n",
      "        [0.1354, 0.0074, 0.8572],\n",
      "        [0.3229, 0.3453, 0.3318],\n",
      "        [0.7347, 0.0826, 0.1827],\n",
      "        [0.7069, 0.1689, 0.1242],\n",
      "        [0.4304, 0.2464, 0.3232],\n",
      "        [0.4382, 0.4176, 0.1442],\n",
      "        [0.1396, 0.7272, 0.1332],\n",
      "        [0.2788, 0.1971, 0.5241],\n",
      "        [0.2497, 0.5110, 0.2393],\n",
      "        [0.2056, 0.5229, 0.2714],\n",
      "        [0.2073, 0.4978, 0.2949],\n",
      "        [0.2307, 0.0663, 0.7031],\n",
      "        [0.6456, 0.1376, 0.2168],\n",
      "        [0.2373, 0.5073, 0.2554],\n",
      "        [0.4530, 0.0181, 0.5288],\n",
      "        [0.2452, 0.4431, 0.3117],\n",
      "        [0.9073, 0.0145, 0.0782],\n",
      "        [0.1881, 0.4697, 0.3422],\n",
      "        [0.5190, 0.0255, 0.4555],\n",
      "        [0.1166, 0.7904, 0.0930],\n",
      "        [0.5659, 0.3231, 0.1110],\n",
      "        [0.2442, 0.5349, 0.2209],\n",
      "        [0.1826, 0.6239, 0.1934],\n",
      "        [0.1253, 0.7699, 0.1049],\n",
      "        [0.1495, 0.6715, 0.1790],\n",
      "        [0.1841, 0.5530, 0.2629],\n",
      "        [0.1384, 0.6416, 0.2200],\n",
      "        [0.6366, 0.1343, 0.2291],\n",
      "        [0.1241, 0.5712, 0.3048],\n",
      "        [0.7943, 0.0113, 0.1944],\n",
      "        [0.1787, 0.4475, 0.3738],\n",
      "        [0.4675, 0.2185, 0.3139],\n",
      "        [0.1489, 0.5532, 0.2979],\n",
      "        [0.1722, 0.6233, 0.2045],\n",
      "        [0.2361, 0.5882, 0.1756],\n",
      "        [0.3032, 0.4782, 0.2186],\n",
      "        [0.0832, 0.8021, 0.1147],\n",
      "        [0.6666, 0.1881, 0.1453],\n",
      "        [0.1914, 0.3272, 0.4814],\n",
      "        [0.3026, 0.2939, 0.4035],\n",
      "        [0.2166, 0.0015, 0.7819],\n",
      "        [0.0976, 0.5704, 0.3320],\n",
      "        [0.6175, 0.0890, 0.2935],\n",
      "        [0.6465, 0.1431, 0.2104],\n",
      "        [0.0885, 0.8156, 0.0959],\n",
      "        [0.0988, 0.7602, 0.1410],\n",
      "        [0.1467, 0.5137, 0.3396],\n",
      "        [0.6922, 0.0028, 0.3050],\n",
      "        [0.1369, 0.7488, 0.1142],\n",
      "        [0.7943, 0.0113, 0.1944],\n",
      "        [0.3024, 0.5893, 0.1083],\n",
      "        [0.2200, 0.0745, 0.7055],\n",
      "        [0.1812, 0.4340, 0.3848],\n",
      "        [0.0666, 0.8845, 0.0489],\n",
      "        [0.0268, 0.9216, 0.0516],\n",
      "        [0.3419, 0.5769, 0.0812],\n",
      "        [0.3677, 0.2078, 0.4244]], device='cuda:0', grad_fn=<SoftmaxBackward0>) tensor([0, 0, 0, 1, 1, 2, 0, 1, 1, 0, 1, 2, 0, 1, 1, 2, 2, 1, 2, 1, 0, 1, 1, 1,\n",
      "        0, 1, 2, 1, 1, 0, 2, 0, 1, 1, 0, 1, 2, 0, 1, 0, 1, 1, 1, 1, 1, 2, 1, 1,\n",
      "        1, 1, 2, 1, 0, 1, 2, 2, 2, 0, 1, 1, 1, 2, 1, 2], device='cuda:0')\n",
      "tensor([[0.0948, 0.7153, 0.1899],\n",
      "        [0.0790, 0.8416, 0.0794],\n",
      "        [0.4127, 0.0021, 0.5852],\n",
      "        [0.3050, 0.3657, 0.3293],\n",
      "        [0.2700, 0.3604, 0.3696],\n",
      "        [0.1122, 0.8003, 0.0875],\n",
      "        [0.1632, 0.7157, 0.1211],\n",
      "        [0.0907, 0.7632, 0.1461],\n",
      "        [0.3529, 0.2843, 0.3628],\n",
      "        [0.2396, 0.4839, 0.2766],\n",
      "        [0.0227, 0.9384, 0.0389],\n",
      "        [0.2479, 0.5284, 0.2238],\n",
      "        [0.2085, 0.4141, 0.3775],\n",
      "        [0.2896, 0.4745, 0.2359],\n",
      "        [0.2923, 0.4720, 0.2357],\n",
      "        [0.1801, 0.5391, 0.2808],\n",
      "        [0.2409, 0.3483, 0.4108],\n",
      "        [0.2923, 0.4720, 0.2357],\n",
      "        [0.6230, 0.1005, 0.2764],\n",
      "        [0.4308, 0.3199, 0.2493],\n",
      "        [0.1716, 0.4748, 0.3536],\n",
      "        [0.4851, 0.1432, 0.3717],\n",
      "        [0.3725, 0.4118, 0.2157],\n",
      "        [0.0597, 0.8288, 0.1115],\n",
      "        [0.6135, 0.0390, 0.3475],\n",
      "        [0.3029, 0.5327, 0.1643],\n",
      "        [0.6084, 0.1016, 0.2899],\n",
      "        [0.6002, 0.0334, 0.3664],\n",
      "        [0.2308, 0.6739, 0.0952],\n",
      "        [0.6653, 0.0900, 0.2447],\n",
      "        [0.2352, 0.4274, 0.3375],\n",
      "        [0.0765, 0.8013, 0.1221],\n",
      "        [0.3659, 0.3230, 0.3111],\n",
      "        [0.4149, 0.2855, 0.2996],\n",
      "        [0.1537, 0.6566, 0.1896],\n",
      "        [0.3057, 0.4593, 0.2349],\n",
      "        [0.4036, 0.0028, 0.5936],\n",
      "        [0.3166, 0.3992, 0.2842],\n",
      "        [0.4535, 0.2459, 0.3006],\n",
      "        [0.1385, 0.5834, 0.2781],\n",
      "        [0.1758, 0.5752, 0.2490],\n",
      "        [0.3807, 0.2048, 0.4144],\n",
      "        [0.0514, 0.8892, 0.0593],\n",
      "        [0.2897, 0.4219, 0.2884],\n",
      "        [0.1155, 0.7713, 0.1132],\n",
      "        [0.3717, 0.2403, 0.3879],\n",
      "        [0.5006, 0.1182, 0.3812],\n",
      "        [0.2214, 0.4513, 0.3273],\n",
      "        [0.1802, 0.5979, 0.2219],\n",
      "        [0.1680, 0.6111, 0.2209],\n",
      "        [0.0841, 0.7958, 0.1202],\n",
      "        [0.3800, 0.1755, 0.4445],\n",
      "        [0.4480, 0.2494, 0.3026],\n",
      "        [0.1283, 0.7626, 0.1090],\n",
      "        [0.1413, 0.7005, 0.1582],\n",
      "        [0.3058, 0.0032, 0.6910],\n",
      "        [0.2054, 0.5371, 0.2574],\n",
      "        [0.0514, 0.8852, 0.0634],\n",
      "        [0.3340, 0.0030, 0.6630],\n",
      "        [0.5976, 0.1062, 0.2962],\n",
      "        [0.3899, 0.0055, 0.6046],\n",
      "        [0.5972, 0.0286, 0.3742],\n",
      "        [0.5061, 0.2934, 0.2004],\n",
      "        [0.2739, 0.5006, 0.2256]], device='cuda:0', grad_fn=<SoftmaxBackward0>) tensor([1, 0, 0, 2, 2, 2, 0, 1, 0, 0, 1, 1, 0, 1, 2, 2, 1, 2, 0, 1, 2, 1, 1, 0,\n",
      "        0, 0, 0, 0, 0, 1, 2, 2, 1, 2, 1, 1, 2, 2, 1, 2, 0, 2, 0, 0, 1, 0, 1, 2,\n",
      "        2, 1, 0, 1, 2, 1, 0, 1, 1, 0, 1, 1, 1, 1, 1, 2], device='cuda:0')\n",
      "tensor([[nan, nan, nan],\n",
      "        [nan, nan, nan],\n",
      "        [nan, nan, nan],\n",
      "        [nan, nan, nan],\n",
      "        [nan, nan, nan],\n",
      "        [nan, nan, nan],\n",
      "        [nan, nan, nan],\n",
      "        [nan, nan, nan],\n",
      "        [nan, nan, nan],\n",
      "        [nan, nan, nan],\n",
      "        [nan, nan, nan],\n",
      "        [nan, nan, nan],\n",
      "        [nan, nan, nan],\n",
      "        [nan, nan, nan],\n",
      "        [nan, nan, nan],\n",
      "        [nan, nan, nan],\n",
      "        [nan, nan, nan],\n",
      "        [nan, nan, nan],\n",
      "        [nan, nan, nan],\n",
      "        [nan, nan, nan],\n",
      "        [nan, nan, nan],\n",
      "        [nan, nan, nan],\n",
      "        [nan, nan, nan],\n",
      "        [nan, nan, nan],\n",
      "        [nan, nan, nan],\n",
      "        [nan, nan, nan],\n",
      "        [nan, nan, nan],\n",
      "        [nan, nan, nan],\n",
      "        [nan, nan, nan],\n",
      "        [nan, nan, nan],\n",
      "        [nan, nan, nan],\n",
      "        [nan, nan, nan],\n",
      "        [nan, nan, nan],\n",
      "        [nan, nan, nan],\n",
      "        [nan, nan, nan],\n",
      "        [nan, nan, nan],\n",
      "        [nan, nan, nan],\n",
      "        [nan, nan, nan],\n",
      "        [nan, nan, nan],\n",
      "        [nan, nan, nan],\n",
      "        [nan, nan, nan],\n",
      "        [nan, nan, nan],\n",
      "        [nan, nan, nan],\n",
      "        [nan, nan, nan],\n",
      "        [nan, nan, nan],\n",
      "        [nan, nan, nan],\n",
      "        [nan, nan, nan],\n",
      "        [nan, nan, nan],\n",
      "        [nan, nan, nan],\n",
      "        [nan, nan, nan],\n",
      "        [nan, nan, nan],\n",
      "        [nan, nan, nan],\n",
      "        [nan, nan, nan],\n",
      "        [nan, nan, nan],\n",
      "        [nan, nan, nan],\n",
      "        [nan, nan, nan],\n",
      "        [nan, nan, nan],\n",
      "        [nan, nan, nan],\n",
      "        [nan, nan, nan],\n",
      "        [nan, nan, nan],\n",
      "        [nan, nan, nan],\n",
      "        [nan, nan, nan],\n",
      "        [nan, nan, nan],\n",
      "        [nan, nan, nan]], device='cuda:0', grad_fn=<SoftmaxBackward0>) tensor([2, 0, 1, 2, 1, 1, 0, 2, 1, 1, 0, 1, 2, 2, 1, 2, 1, 2, 2, 1, 1, 1, 0, 1,\n",
      "        0, 2, 1, 2, 2, 1, 0, 0, 1, 1, 1, 0, 1, 2, 0, 1, 1, 1, 2, 1, 2, 1, 2, 1,\n",
      "        1, 1, 0, 0, 1, 1, 1, 2, 1, 2, 0, 0, 0, 1, 1, 1], device='cuda:0')\n",
      "tensor([[nan, nan, nan],\n",
      "        [nan, nan, nan],\n",
      "        [nan, nan, nan],\n",
      "        [nan, nan, nan],\n",
      "        [nan, nan, nan],\n",
      "        [nan, nan, nan],\n",
      "        [nan, nan, nan],\n",
      "        [nan, nan, nan],\n",
      "        [nan, nan, nan],\n",
      "        [nan, nan, nan],\n",
      "        [nan, nan, nan],\n",
      "        [nan, nan, nan],\n",
      "        [nan, nan, nan],\n",
      "        [nan, nan, nan],\n",
      "        [nan, nan, nan],\n",
      "        [nan, nan, nan],\n",
      "        [nan, nan, nan],\n",
      "        [nan, nan, nan],\n",
      "        [nan, nan, nan],\n",
      "        [nan, nan, nan],\n",
      "        [nan, nan, nan],\n",
      "        [nan, nan, nan],\n",
      "        [nan, nan, nan],\n",
      "        [nan, nan, nan],\n",
      "        [nan, nan, nan],\n",
      "        [nan, nan, nan],\n",
      "        [nan, nan, nan],\n",
      "        [nan, nan, nan],\n",
      "        [nan, nan, nan],\n",
      "        [nan, nan, nan],\n",
      "        [nan, nan, nan],\n",
      "        [nan, nan, nan],\n",
      "        [nan, nan, nan],\n",
      "        [nan, nan, nan],\n",
      "        [nan, nan, nan],\n",
      "        [nan, nan, nan],\n",
      "        [nan, nan, nan],\n",
      "        [nan, nan, nan],\n",
      "        [nan, nan, nan],\n",
      "        [nan, nan, nan],\n",
      "        [nan, nan, nan],\n",
      "        [nan, nan, nan],\n",
      "        [nan, nan, nan],\n",
      "        [nan, nan, nan],\n",
      "        [nan, nan, nan],\n",
      "        [nan, nan, nan],\n",
      "        [nan, nan, nan],\n",
      "        [nan, nan, nan],\n",
      "        [nan, nan, nan],\n",
      "        [nan, nan, nan],\n",
      "        [nan, nan, nan],\n",
      "        [nan, nan, nan],\n",
      "        [nan, nan, nan],\n",
      "        [nan, nan, nan],\n",
      "        [nan, nan, nan],\n",
      "        [nan, nan, nan],\n",
      "        [nan, nan, nan],\n",
      "        [nan, nan, nan],\n",
      "        [nan, nan, nan],\n",
      "        [nan, nan, nan],\n",
      "        [nan, nan, nan],\n",
      "        [nan, nan, nan],\n",
      "        [nan, nan, nan],\n",
      "        [nan, nan, nan]], device='cuda:0', grad_fn=<SoftmaxBackward0>) tensor([0, 1, 2, 1, 1, 1, 2, 1, 1, 1, 0, 0, 1, 1, 1, 0, 1, 1, 1, 2, 1, 1, 0, 0,\n",
      "        0, 0, 0, 1, 0, 0, 0, 0, 0, 1, 0, 1, 1, 1, 1, 0, 1, 1, 1, 0, 1, 1, 2, 0,\n",
      "        1, 1, 2, 2, 1, 1, 1, 0, 1, 2, 1, 1, 0, 0, 1, 1], device='cuda:0')\n",
      "tensor([[nan, nan, nan],\n",
      "        [nan, nan, nan],\n",
      "        [nan, nan, nan],\n",
      "        [nan, nan, nan],\n",
      "        [nan, nan, nan],\n",
      "        [nan, nan, nan],\n",
      "        [nan, nan, nan],\n",
      "        [nan, nan, nan],\n",
      "        [nan, nan, nan],\n",
      "        [nan, nan, nan],\n",
      "        [nan, nan, nan],\n",
      "        [nan, nan, nan],\n",
      "        [nan, nan, nan],\n",
      "        [nan, nan, nan],\n",
      "        [nan, nan, nan],\n",
      "        [nan, nan, nan],\n",
      "        [nan, nan, nan],\n",
      "        [nan, nan, nan],\n",
      "        [nan, nan, nan],\n",
      "        [nan, nan, nan],\n",
      "        [nan, nan, nan],\n",
      "        [nan, nan, nan],\n",
      "        [nan, nan, nan],\n",
      "        [nan, nan, nan],\n",
      "        [nan, nan, nan],\n",
      "        [nan, nan, nan],\n",
      "        [nan, nan, nan],\n",
      "        [nan, nan, nan],\n",
      "        [nan, nan, nan],\n",
      "        [nan, nan, nan],\n",
      "        [nan, nan, nan],\n",
      "        [nan, nan, nan],\n",
      "        [nan, nan, nan],\n",
      "        [nan, nan, nan],\n",
      "        [nan, nan, nan],\n",
      "        [nan, nan, nan],\n",
      "        [nan, nan, nan],\n",
      "        [nan, nan, nan],\n",
      "        [nan, nan, nan],\n",
      "        [nan, nan, nan],\n",
      "        [nan, nan, nan],\n",
      "        [nan, nan, nan],\n",
      "        [nan, nan, nan],\n",
      "        [nan, nan, nan],\n",
      "        [nan, nan, nan],\n",
      "        [nan, nan, nan],\n",
      "        [nan, nan, nan],\n",
      "        [nan, nan, nan],\n",
      "        [nan, nan, nan],\n",
      "        [nan, nan, nan],\n",
      "        [nan, nan, nan],\n",
      "        [nan, nan, nan],\n",
      "        [nan, nan, nan],\n",
      "        [nan, nan, nan],\n",
      "        [nan, nan, nan],\n",
      "        [nan, nan, nan],\n",
      "        [nan, nan, nan],\n",
      "        [nan, nan, nan],\n",
      "        [nan, nan, nan],\n",
      "        [nan, nan, nan],\n",
      "        [nan, nan, nan],\n",
      "        [nan, nan, nan],\n",
      "        [nan, nan, nan],\n",
      "        [nan, nan, nan]], device='cuda:0', grad_fn=<SoftmaxBackward0>) tensor([0, 2, 2, 1, 2, 1, 1, 0, 0, 1, 0, 2, 2, 2, 2, 1, 0, 1, 0, 1, 1, 2, 1, 0,\n",
      "        1, 0, 2, 0, 1, 1, 1, 0, 1, 0, 1, 1, 0, 1, 1, 2, 2, 1, 1, 1, 2, 1, 0, 2,\n",
      "        0, 1, 0, 0, 0, 1, 2, 2, 0, 0, 1, 1, 2, 1, 0, 1], device='cuda:0')\n",
      "tensor([[nan, nan, nan],\n",
      "        [nan, nan, nan],\n",
      "        [nan, nan, nan],\n",
      "        [nan, nan, nan],\n",
      "        [nan, nan, nan],\n",
      "        [nan, nan, nan],\n",
      "        [nan, nan, nan],\n",
      "        [nan, nan, nan],\n",
      "        [nan, nan, nan],\n",
      "        [nan, nan, nan],\n",
      "        [nan, nan, nan],\n",
      "        [nan, nan, nan],\n",
      "        [nan, nan, nan],\n",
      "        [nan, nan, nan],\n",
      "        [nan, nan, nan],\n",
      "        [nan, nan, nan],\n",
      "        [nan, nan, nan],\n",
      "        [nan, nan, nan],\n",
      "        [nan, nan, nan],\n",
      "        [nan, nan, nan],\n",
      "        [nan, nan, nan],\n",
      "        [nan, nan, nan],\n",
      "        [nan, nan, nan],\n",
      "        [nan, nan, nan],\n",
      "        [nan, nan, nan],\n",
      "        [nan, nan, nan],\n",
      "        [nan, nan, nan],\n",
      "        [nan, nan, nan],\n",
      "        [nan, nan, nan],\n",
      "        [nan, nan, nan],\n",
      "        [nan, nan, nan],\n",
      "        [nan, nan, nan],\n",
      "        [nan, nan, nan],\n",
      "        [nan, nan, nan],\n",
      "        [nan, nan, nan],\n",
      "        [nan, nan, nan],\n",
      "        [nan, nan, nan],\n",
      "        [nan, nan, nan],\n",
      "        [nan, nan, nan],\n",
      "        [nan, nan, nan],\n",
      "        [nan, nan, nan],\n",
      "        [nan, nan, nan],\n",
      "        [nan, nan, nan],\n",
      "        [nan, nan, nan],\n",
      "        [nan, nan, nan],\n",
      "        [nan, nan, nan],\n",
      "        [nan, nan, nan],\n",
      "        [nan, nan, nan],\n",
      "        [nan, nan, nan],\n",
      "        [nan, nan, nan],\n",
      "        [nan, nan, nan],\n",
      "        [nan, nan, nan],\n",
      "        [nan, nan, nan],\n",
      "        [nan, nan, nan],\n",
      "        [nan, nan, nan],\n",
      "        [nan, nan, nan],\n",
      "        [nan, nan, nan],\n",
      "        [nan, nan, nan],\n",
      "        [nan, nan, nan],\n",
      "        [nan, nan, nan],\n",
      "        [nan, nan, nan],\n",
      "        [nan, nan, nan],\n",
      "        [nan, nan, nan],\n",
      "        [nan, nan, nan]], device='cuda:0', grad_fn=<SoftmaxBackward0>) tensor([1, 1, 1, 1, 1, 1, 1, 1, 1, 0, 1, 2, 1, 2, 1, 1, 1, 1, 0, 1, 1, 1, 0, 1,\n",
      "        1, 0, 2, 2, 0, 0, 1, 1, 1, 1, 0, 0, 0, 2, 1, 1, 2, 0, 1, 1, 1, 1, 0, 1,\n",
      "        0, 2, 1, 0, 0, 0, 1, 0, 0, 1, 1, 1, 1, 2, 2, 0], device='cuda:0')\n",
      "tensor([[nan, nan, nan],\n",
      "        [nan, nan, nan],\n",
      "        [nan, nan, nan],\n",
      "        [nan, nan, nan],\n",
      "        [nan, nan, nan],\n",
      "        [nan, nan, nan],\n",
      "        [nan, nan, nan],\n",
      "        [nan, nan, nan],\n",
      "        [nan, nan, nan],\n",
      "        [nan, nan, nan],\n",
      "        [nan, nan, nan],\n",
      "        [nan, nan, nan],\n",
      "        [nan, nan, nan],\n",
      "        [nan, nan, nan],\n",
      "        [nan, nan, nan],\n",
      "        [nan, nan, nan],\n",
      "        [nan, nan, nan],\n",
      "        [nan, nan, nan],\n",
      "        [nan, nan, nan],\n",
      "        [nan, nan, nan],\n",
      "        [nan, nan, nan],\n",
      "        [nan, nan, nan],\n",
      "        [nan, nan, nan],\n",
      "        [nan, nan, nan],\n",
      "        [nan, nan, nan],\n",
      "        [nan, nan, nan],\n",
      "        [nan, nan, nan],\n",
      "        [nan, nan, nan],\n",
      "        [nan, nan, nan],\n",
      "        [nan, nan, nan],\n",
      "        [nan, nan, nan],\n",
      "        [nan, nan, nan],\n",
      "        [nan, nan, nan],\n",
      "        [nan, nan, nan],\n",
      "        [nan, nan, nan],\n",
      "        [nan, nan, nan],\n",
      "        [nan, nan, nan],\n",
      "        [nan, nan, nan],\n",
      "        [nan, nan, nan],\n",
      "        [nan, nan, nan],\n",
      "        [nan, nan, nan],\n",
      "        [nan, nan, nan],\n",
      "        [nan, nan, nan],\n",
      "        [nan, nan, nan],\n",
      "        [nan, nan, nan],\n",
      "        [nan, nan, nan],\n",
      "        [nan, nan, nan],\n",
      "        [nan, nan, nan],\n",
      "        [nan, nan, nan],\n",
      "        [nan, nan, nan],\n",
      "        [nan, nan, nan],\n",
      "        [nan, nan, nan],\n",
      "        [nan, nan, nan],\n",
      "        [nan, nan, nan],\n",
      "        [nan, nan, nan],\n",
      "        [nan, nan, nan],\n",
      "        [nan, nan, nan],\n",
      "        [nan, nan, nan],\n",
      "        [nan, nan, nan],\n",
      "        [nan, nan, nan],\n",
      "        [nan, nan, nan],\n",
      "        [nan, nan, nan],\n",
      "        [nan, nan, nan],\n",
      "        [nan, nan, nan]], device='cuda:0', grad_fn=<SoftmaxBackward0>) tensor([2, 2, 2, 0, 1, 0, 2, 0, 0, 1, 2, 2, 0, 1, 1, 2, 2, 1, 1, 2, 0, 0, 1, 0,\n",
      "        0, 2, 1, 0, 0, 2, 1, 1, 0, 1, 1, 2, 2, 1, 1, 1, 0, 1, 1, 1, 1, 0, 1, 2,\n",
      "        1, 2, 2, 1, 1, 1, 0, 0, 1, 1, 0, 0, 1, 2, 1, 1], device='cuda:0')\n",
      "tensor([[nan, nan, nan],\n",
      "        [nan, nan, nan],\n",
      "        [nan, nan, nan],\n",
      "        [nan, nan, nan],\n",
      "        [nan, nan, nan],\n",
      "        [nan, nan, nan],\n",
      "        [nan, nan, nan],\n",
      "        [nan, nan, nan],\n",
      "        [nan, nan, nan],\n",
      "        [nan, nan, nan],\n",
      "        [nan, nan, nan],\n",
      "        [nan, nan, nan],\n",
      "        [nan, nan, nan],\n",
      "        [nan, nan, nan],\n",
      "        [nan, nan, nan],\n",
      "        [nan, nan, nan],\n",
      "        [nan, nan, nan],\n",
      "        [nan, nan, nan],\n",
      "        [nan, nan, nan],\n",
      "        [nan, nan, nan],\n",
      "        [nan, nan, nan],\n",
      "        [nan, nan, nan],\n",
      "        [nan, nan, nan],\n",
      "        [nan, nan, nan],\n",
      "        [nan, nan, nan],\n",
      "        [nan, nan, nan],\n",
      "        [nan, nan, nan],\n",
      "        [nan, nan, nan],\n",
      "        [nan, nan, nan],\n",
      "        [nan, nan, nan],\n",
      "        [nan, nan, nan],\n",
      "        [nan, nan, nan],\n",
      "        [nan, nan, nan],\n",
      "        [nan, nan, nan],\n",
      "        [nan, nan, nan],\n",
      "        [nan, nan, nan],\n",
      "        [nan, nan, nan],\n",
      "        [nan, nan, nan],\n",
      "        [nan, nan, nan],\n",
      "        [nan, nan, nan],\n",
      "        [nan, nan, nan],\n",
      "        [nan, nan, nan],\n",
      "        [nan, nan, nan],\n",
      "        [nan, nan, nan],\n",
      "        [nan, nan, nan],\n",
      "        [nan, nan, nan],\n",
      "        [nan, nan, nan],\n",
      "        [nan, nan, nan],\n",
      "        [nan, nan, nan],\n",
      "        [nan, nan, nan],\n",
      "        [nan, nan, nan],\n",
      "        [nan, nan, nan],\n",
      "        [nan, nan, nan],\n",
      "        [nan, nan, nan],\n",
      "        [nan, nan, nan],\n",
      "        [nan, nan, nan],\n",
      "        [nan, nan, nan],\n",
      "        [nan, nan, nan],\n",
      "        [nan, nan, nan],\n",
      "        [nan, nan, nan],\n",
      "        [nan, nan, nan],\n",
      "        [nan, nan, nan],\n",
      "        [nan, nan, nan],\n",
      "        [nan, nan, nan]], device='cuda:0', grad_fn=<SoftmaxBackward0>) tensor([1, 2, 1, 0, 0, 2, 1, 1, 1, 2, 0, 1, 1, 1, 1, 0, 2, 0, 1, 0, 1, 1, 0, 2,\n",
      "        1, 1, 1, 0, 2, 1, 1, 2, 2, 1, 1, 1, 1, 1, 2, 0, 1, 1, 1, 1, 1, 0, 1, 0,\n",
      "        2, 1, 1, 0, 1, 1, 1, 2, 2, 0, 2, 1, 0, 0, 1, 0], device='cuda:0')\n",
      "tensor([[nan, nan, nan],\n",
      "        [nan, nan, nan],\n",
      "        [nan, nan, nan],\n",
      "        [nan, nan, nan],\n",
      "        [nan, nan, nan],\n",
      "        [nan, nan, nan],\n",
      "        [nan, nan, nan],\n",
      "        [nan, nan, nan],\n",
      "        [nan, nan, nan],\n",
      "        [nan, nan, nan],\n",
      "        [nan, nan, nan],\n",
      "        [nan, nan, nan],\n",
      "        [nan, nan, nan],\n",
      "        [nan, nan, nan],\n",
      "        [nan, nan, nan],\n",
      "        [nan, nan, nan],\n",
      "        [nan, nan, nan],\n",
      "        [nan, nan, nan],\n",
      "        [nan, nan, nan],\n",
      "        [nan, nan, nan],\n",
      "        [nan, nan, nan],\n",
      "        [nan, nan, nan],\n",
      "        [nan, nan, nan],\n",
      "        [nan, nan, nan],\n",
      "        [nan, nan, nan],\n",
      "        [nan, nan, nan],\n",
      "        [nan, nan, nan],\n",
      "        [nan, nan, nan],\n",
      "        [nan, nan, nan],\n",
      "        [nan, nan, nan],\n",
      "        [nan, nan, nan],\n",
      "        [nan, nan, nan],\n",
      "        [nan, nan, nan],\n",
      "        [nan, nan, nan],\n",
      "        [nan, nan, nan],\n",
      "        [nan, nan, nan],\n",
      "        [nan, nan, nan],\n",
      "        [nan, nan, nan],\n",
      "        [nan, nan, nan],\n",
      "        [nan, nan, nan],\n",
      "        [nan, nan, nan],\n",
      "        [nan, nan, nan],\n",
      "        [nan, nan, nan],\n",
      "        [nan, nan, nan],\n",
      "        [nan, nan, nan],\n",
      "        [nan, nan, nan],\n",
      "        [nan, nan, nan],\n",
      "        [nan, nan, nan],\n",
      "        [nan, nan, nan],\n",
      "        [nan, nan, nan],\n",
      "        [nan, nan, nan],\n",
      "        [nan, nan, nan],\n",
      "        [nan, nan, nan],\n",
      "        [nan, nan, nan],\n",
      "        [nan, nan, nan],\n",
      "        [nan, nan, nan],\n",
      "        [nan, nan, nan],\n",
      "        [nan, nan, nan],\n",
      "        [nan, nan, nan],\n",
      "        [nan, nan, nan],\n",
      "        [nan, nan, nan],\n",
      "        [nan, nan, nan],\n",
      "        [nan, nan, nan],\n",
      "        [nan, nan, nan]], device='cuda:0', grad_fn=<SoftmaxBackward0>) tensor([2, 1, 0, 1, 2, 2, 0, 1, 1, 1, 1, 1, 0, 0, 0, 2, 0, 0, 0, 0, 1, 2, 1, 0,\n",
      "        0, 2, 2, 0, 0, 1, 1, 1, 1, 1, 0, 2, 1, 1, 1, 1, 1, 1, 2, 1, 2, 2, 1, 1,\n",
      "        2, 1, 1, 0, 0, 0, 0, 2, 1, 0, 0, 0, 0, 1, 0, 1], device='cuda:0')\n",
      "tensor([[nan, nan, nan],\n",
      "        [nan, nan, nan],\n",
      "        [nan, nan, nan],\n",
      "        [nan, nan, nan],\n",
      "        [nan, nan, nan],\n",
      "        [nan, nan, nan],\n",
      "        [nan, nan, nan],\n",
      "        [nan, nan, nan],\n",
      "        [nan, nan, nan],\n",
      "        [nan, nan, nan],\n",
      "        [nan, nan, nan],\n",
      "        [nan, nan, nan],\n",
      "        [nan, nan, nan],\n",
      "        [nan, nan, nan],\n",
      "        [nan, nan, nan],\n",
      "        [nan, nan, nan],\n",
      "        [nan, nan, nan],\n",
      "        [nan, nan, nan],\n",
      "        [nan, nan, nan],\n",
      "        [nan, nan, nan],\n",
      "        [nan, nan, nan],\n",
      "        [nan, nan, nan],\n",
      "        [nan, nan, nan],\n",
      "        [nan, nan, nan],\n",
      "        [nan, nan, nan],\n",
      "        [nan, nan, nan],\n",
      "        [nan, nan, nan],\n",
      "        [nan, nan, nan],\n",
      "        [nan, nan, nan],\n",
      "        [nan, nan, nan],\n",
      "        [nan, nan, nan],\n",
      "        [nan, nan, nan],\n",
      "        [nan, nan, nan],\n",
      "        [nan, nan, nan],\n",
      "        [nan, nan, nan],\n",
      "        [nan, nan, nan],\n",
      "        [nan, nan, nan],\n",
      "        [nan, nan, nan],\n",
      "        [nan, nan, nan],\n",
      "        [nan, nan, nan],\n",
      "        [nan, nan, nan],\n",
      "        [nan, nan, nan],\n",
      "        [nan, nan, nan],\n",
      "        [nan, nan, nan],\n",
      "        [nan, nan, nan],\n",
      "        [nan, nan, nan],\n",
      "        [nan, nan, nan],\n",
      "        [nan, nan, nan],\n",
      "        [nan, nan, nan],\n",
      "        [nan, nan, nan],\n",
      "        [nan, nan, nan],\n",
      "        [nan, nan, nan],\n",
      "        [nan, nan, nan],\n",
      "        [nan, nan, nan],\n",
      "        [nan, nan, nan],\n",
      "        [nan, nan, nan],\n",
      "        [nan, nan, nan],\n",
      "        [nan, nan, nan],\n",
      "        [nan, nan, nan],\n",
      "        [nan, nan, nan],\n",
      "        [nan, nan, nan],\n",
      "        [nan, nan, nan],\n",
      "        [nan, nan, nan],\n",
      "        [nan, nan, nan]], device='cuda:0', grad_fn=<SoftmaxBackward0>) tensor([0, 0, 1, 1, 0, 0, 2, 1, 2, 1, 1, 0, 1, 1, 1, 1, 0, 2, 1, 0, 1, 1, 2, 1,\n",
      "        1, 1, 0, 0, 0, 1, 1, 2, 1, 0, 1, 2, 1, 1, 0, 0, 2, 0, 0, 1, 1, 0, 2, 0,\n",
      "        0, 1, 1, 2, 2, 0, 1, 2, 0, 2, 1, 1, 1, 2, 1, 1], device='cuda:0')\n",
      "tensor([[nan, nan, nan],\n",
      "        [nan, nan, nan],\n",
      "        [nan, nan, nan],\n",
      "        [nan, nan, nan],\n",
      "        [nan, nan, nan],\n",
      "        [nan, nan, nan],\n",
      "        [nan, nan, nan],\n",
      "        [nan, nan, nan],\n",
      "        [nan, nan, nan],\n",
      "        [nan, nan, nan],\n",
      "        [nan, nan, nan],\n",
      "        [nan, nan, nan],\n",
      "        [nan, nan, nan],\n",
      "        [nan, nan, nan],\n",
      "        [nan, nan, nan],\n",
      "        [nan, nan, nan],\n",
      "        [nan, nan, nan],\n",
      "        [nan, nan, nan],\n",
      "        [nan, nan, nan],\n",
      "        [nan, nan, nan],\n",
      "        [nan, nan, nan],\n",
      "        [nan, nan, nan],\n",
      "        [nan, nan, nan],\n",
      "        [nan, nan, nan],\n",
      "        [nan, nan, nan],\n",
      "        [nan, nan, nan],\n",
      "        [nan, nan, nan],\n",
      "        [nan, nan, nan],\n",
      "        [nan, nan, nan],\n",
      "        [nan, nan, nan],\n",
      "        [nan, nan, nan],\n",
      "        [nan, nan, nan],\n",
      "        [nan, nan, nan],\n",
      "        [nan, nan, nan],\n",
      "        [nan, nan, nan],\n",
      "        [nan, nan, nan],\n",
      "        [nan, nan, nan],\n",
      "        [nan, nan, nan],\n",
      "        [nan, nan, nan],\n",
      "        [nan, nan, nan],\n",
      "        [nan, nan, nan],\n",
      "        [nan, nan, nan],\n",
      "        [nan, nan, nan],\n",
      "        [nan, nan, nan],\n",
      "        [nan, nan, nan],\n",
      "        [nan, nan, nan],\n",
      "        [nan, nan, nan],\n",
      "        [nan, nan, nan],\n",
      "        [nan, nan, nan],\n",
      "        [nan, nan, nan],\n",
      "        [nan, nan, nan],\n",
      "        [nan, nan, nan],\n",
      "        [nan, nan, nan],\n",
